2.360000000000000153e-01	5.558875017082598458e-01
1.356999999999999984e+00	5.235862827402294473e-01
2.452999999999999847e+00	4.638232196008221231e-01
3.538000000000000256e+00	5.633254327728830502e-01
4.674999999999999822e+00	5.509720746816970660e-01
5.791999999999999815e+00	4.771630462635186865e-01
6.972999999999999865e+00	5.642329529462533078e-01
8.105999999999999872e+00	4.566228555209650986e-01
9.201999999999999957e+00	5.622993547350213506e-01
1.031000000000000050e+01	4.805496889617751899e-01
1.136700000000000088e+01	4.950012021469039625e-01
1.246799999999999997e+01	5.674125434773465981e-01
1.353899999999999970e+01	4.419143297518947078e-01
1.463400000000000034e+01	5.809382744671710563e-01
1.576299999999999990e+01	5.198231401287455311e-01
1.684900000000000020e+01	4.789425284830354790e-01
1.798300000000000054e+01	5.580654993731273272e-01
1.909100000000000108e+01	4.164450499428766217e-01
2.021000000000000085e+01	5.345140143900414254e-01
2.137199999999999989e+01	4.975250613813938516e-01
2.246199999999999974e+01	4.964651114901501017e-01
2.358399999999999963e+01	5.624837204812018765e-01
2.468900000000000006e+01	4.636639352215661813e-01
2.576699999999999946e+01	5.489577257032287605e-01
2.686599999999999966e+01	5.110242978853285489e-01
2.793100000000000094e+01	5.025712449880621602e-01
2.904299999999999926e+01	5.414546133999210697e-01
3.017099999999999937e+01	4.452218749795578412e-01
3.127500000000000213e+01	5.764894434099646636e-01
3.244400000000000261e+01	5.612850908215517576e-01
3.355700000000000216e+01	4.525149500546056802e-01
3.468999999999999773e+01	5.278697455847225495e-01
3.582800000000000296e+01	4.839828976281645434e-01
3.689600000000000080e+01	5.047965997662969828e-01
3.802100000000000080e+01	5.799993871693316372e-01
3.915200000000000102e+01	4.418140155098177480e-01
4.025500000000000256e+01	5.274611558674711098e-01
4.139800000000000324e+01	5.439816584805582389e-01
4.250000000000000000e+01	4.494521911043838913e-01
4.359199999999999875e+01	5.679737713649797293e-01
4.472100000000000364e+01	4.965286870583825451e-01
4.579200000000000159e+01	5.067772083917145842e-01
4.690500000000000114e+01	5.635839574470876689e-01
4.804700000000000415e+01	4.419051723678057986e-01
4.916100000000000136e+01	5.339445898374522992e-01
5.033299999999999841e+01	5.812379040114089568e-01
5.145100000000000051e+01	4.262095072845877852e-01
5.257099999999999795e+01	5.684273678592880463e-01
5.367699999999999960e+01	4.974011563323540996e-01
5.469599999999999795e+01	5.342636206378563735e-01
5.576700000000000301e+01	5.916144707951855874e-01
5.683599999999999852e+01	4.712917780311403071e-01
5.790700000000000358e+01	5.662333935627839043e-01
5.909400000000000119e+01	5.524739496021046081e-01
6.020400000000000063e+01	4.484045974930132017e-01
6.135399999999999920e+01	5.726363849132765083e-01
6.251899999999999835e+01	4.943817514204987273e-01
6.360699999999999932e+01	5.279815421311051526e-01
6.471300000000000807e+01	5.430476456602864044e-01
6.578300000000000125e+01	4.560744026728819067e-01
6.685200000000000387e+01	5.714111276169364650e-01
6.800900000000000034e+01	5.464833223517804317e-01
6.912099999999999511e+01	4.677585605212425945e-01
7.025700000000000500e+01	5.492259644150823128e-01
7.136599999999999966e+01	4.530985576512800428e-01
7.243600000000000705e+01	5.089027924480423737e-01
7.353900000000000148e+01	5.985606044835897199e-01
7.462399999999999523e+01	4.329413317419188445e-01
7.571500000000000341e+01	5.705246138796823407e-01
7.684300000000000352e+01	5.071431179282189783e-01
7.790099999999999625e+01	4.963432055023181411e-01
7.899099999999999966e+01	5.777001734922814213e-01
8.006700000000000728e+01	4.497220999288990551e-01
8.111400000000000432e+01	5.269964567088082363e-01
8.217600000000000193e+01	5.236268440835690763e-01
8.318800000000000239e+01	4.927451366954027079e-01
8.423300000000000409e+01	5.556867966224738886e-01
8.529900000000000659e+01	4.573076094661367441e-01
8.638800000000000523e+01	5.428763545415393743e-01
8.753300000000000125e+01	6.204415280291309953e-01
8.862500000000000000e+01	4.205927915267237971e-01
8.970600000000000307e+01	5.560290446509810192e-01
9.081300000000000239e+01	5.036158286662554273e-01
9.188800000000000523e+01	5.130134898206764049e-01
9.301300000000000523e+01	5.683164984338401338e-01
9.416700000000000159e+01	4.654611459499281567e-01
9.527599999999999625e+01	5.114133714013988641e-01
9.647100000000000364e+01	5.506944641312305766e-01
9.765099999999999625e+01	4.710735912673371661e-01
9.881799999999999784e+01	5.560558283893023424e-01
1.000199999999999960e+02	5.837280687331980467e-01
1.011460000000000008e+02	4.487500000775528908e-01
1.022590000000000003e+02	5.376453506129734716e-01
1.033870000000000005e+02	4.726062019875150177e-01
1.044369999999999976e+02	4.910237135906441730e-01
1.055379999999999967e+02	5.815634574202710461e-01
1.066350000000000051e+02	4.454666252572021534e-01
1.076869999999999976e+02	5.436106828584579276e-01
1.087549999999999955e+02	5.112599892005558200e-01
1.097860000000000014e+02	4.759170330748367372e-01
1.108140000000000072e+02	5.538021266789332486e-01
1.117319999999999993e+02	5.396496967871889927e-01
1.126509999999999962e+02	4.566176639972976958e-01
1.135829999999999984e+02	4.956909837049423007e-01
1.145859999999999985e+02	5.630025368155645582e-01
1.156080000000000041e+02	4.677477511639825392e-01
1.165600000000000023e+02	5.285887803931985651e-01
1.175640000000000072e+02	5.704951839280597570e-01
1.185610000000000070e+02	4.340925323447486495e-01
1.195600000000000023e+02	5.568812162992180514e-01
1.206180000000000092e+02	5.401421651448543582e-01
1.216749999999999972e+02	4.295190878007267843e-01
1.227150000000000034e+02	5.408173152179116538e-01
1.237510000000000048e+02	5.208502708392205305e-01
1.247360000000000042e+02	4.500659698048858903e-01
1.257480000000000047e+02	5.746765650774608991e-01
1.267669999999999959e+02	4.550400278141208954e-01
1.277600000000000051e+02	5.428972061051126063e-01
1.287909999999999968e+02	5.970337794391852304e-01
1.298439999999999941e+02	4.239882302468512831e-01
1.309020000000000152e+02	5.684966024000940310e-01
1.319579999999999984e+02	4.853791319101722346e-01
1.329590000000000032e+02	4.804611931999815400e-01
1.340039999999999907e+02	5.667824570447238530e-01
1.351030000000000086e+02	4.669834575700373969e-01
1.361779999999999973e+02	5.575775669039606530e-01
1.373180000000000121e+02	5.575897208714926112e-01
1.384509999999999934e+02	4.765331755295709737e-01
1.395560000000000116e+02	5.216338581417148124e-01
1.406680000000000064e+02	4.988947703229251740e-01
1.417330000000000041e+02	5.013636009320998621e-01
1.428350000000000080e+02	5.413918391233328853e-01
1.439230000000000018e+02	4.447779146810222350e-01
1.449809999999999945e+02	5.385333078083913705e-01
1.460769999999999982e+02	5.847290510609095548e-01
1.471599999999999966e+02	3.678556896594250003e-01
1.482189999999999941e+02	5.406214393923266526e-01
1.492770000000000152e+02	5.803751914246931820e-01
1.502909999999999968e+02	4.545247300991752670e-01
1.513029999999999973e+02	5.848191094092023423e-01
1.523729999999999905e+02	5.194523939773660892e-01
1.534050000000000011e+02	5.249580651371735796e-01
1.544989999999999952e+02	5.760981151420485613e-01
1.556049999999999898e+02	4.627121315620565944e-01
1.566649999999999920e+02	5.541051552757109144e-01
1.577640000000000100e+02	5.583723605660659839e-01
1.588230000000000075e+02	4.435003884808461083e-01
1.598559999999999945e+02	5.674921576388428646e-01
1.608990000000000009e+02	5.805205047169199606e-01
1.619159999999999968e+02	4.369963348405011550e-01
1.629290000000000020e+02	5.694835254598354934e-01
1.639869999999999948e+02	5.492265585205725609e-01
1.650519999999999925e+02	4.613200438701262063e-01
1.661419999999999959e+02	5.632230004239648924e-01
1.672369999999999948e+02	5.059014761004381189e-01
1.682599999999999909e+02	5.021133169438926069e-01
1.693250000000000171e+02	5.884737387759745308e-01
1.703960000000000150e+02	4.586475523287868450e-01
1.713919999999999959e+02	5.337836419288891632e-01
1.724190000000000111e+02	5.948115313482266187e-01
1.734389999999999930e+02	4.306785166972429413e-01
1.744519999999999982e+02	5.626138223108001490e-01
1.755409999999999968e+02	5.874142420464787406e-01
1.766239999999999952e+02	4.433815911577713154e-01
1.777009999999999934e+02	5.759729022469359805e-01
1.788000000000000114e+02	4.917340147765244529e-01
1.798310000000000173e+02	4.949718407179325430e-01
1.808880000000000052e+02	5.272710152395698735e-01
1.819269999999999925e+02	4.385089926951902806e-01
1.829260000000000161e+02	5.474020828361365609e-01
1.839389999999999930e+02	5.508381974977795137e-01
1.849060000000000059e+02	4.214087922351411053e-01
1.859209999999999923e+02	5.778265861695567329e-01
1.869550000000000125e+02	4.717576289024315028e-01
1.879480000000000075e+02	5.120968586549082824e-01
1.890070000000000050e+02	5.557401799535095499e-01
1.900790000000000077e+02	4.504629806976776507e-01
1.911119999999999948e+02	5.390977078385059684e-01
1.921730000000000018e+02	5.614872305001740171e-01
1.932270000000000039e+02	4.290426733623918798e-01
1.942630000000000052e+02	5.462120925897728796e-01
1.953089999999999975e+02	5.637076032160256434e-01
1.963170000000000073e+02	4.290655831891792005e-01
1.973499999999999943e+02	5.488207919006211633e-01
1.984180000000000064e+02	4.962931132734778039e-01
1.994710000000000036e+02	5.163464278282242637e-01
2.006169999999999902e+02	5.734949690040964665e-01
2.017450000000000045e+02	4.514842617930676094e-01
2.028310000000000173e+02	5.352323117759419935e-01
2.039430000000000121e+02	5.611166047805985491e-01
2.049950000000000045e+02	4.452222341766211566e-01
2.060260000000000105e+02	5.557564388028010116e-01
2.070730000000000075e+02	5.136901163987703800e-01
2.080610000000000070e+02	4.692983816018572729e-01
2.090930000000000177e+02	5.652550877587868561e-01
2.101779999999999973e+02	4.751826375557144932e-01
2.112280000000000086e+02	5.040997448827376770e-01
2.123460000000000036e+02	5.680539907421804369e-01
2.134509999999999934e+02	4.383672281227732892e-01
2.145440000000000111e+02	5.430605588429036068e-01
2.156359999999999957e+02	5.075379745422842204e-01
2.166620000000000061e+02	4.914760367869413504e-01
2.177110000000000127e+02	5.440105669216594997e-01
2.187470000000000141e+02	4.235177689161811476e-01
2.198130000000000166e+02	5.487399770254789422e-01
2.209200000000000159e+02	5.524466805614810516e-01
2.219730000000000132e+02	4.968875899210814517e-01
2.230660000000000025e+02	5.643353571518343603e-01
2.241599999999999966e+02	4.584987249748504468e-01
2.252079999999999984e+02	5.397164422737537048e-01
2.262830000000000155e+02	5.547824428299195088e-01
2.273350000000000080e+02	4.347677383554971464e-01
2.283660000000000139e+02	5.399623924645849948e-01
2.294310000000000116e+02	5.498651252363826458e-01
2.304759999999999991e+02	4.241824906893418845e-01
2.315219999999999914e+02	5.692352758137002589e-01
2.326090000000000089e+02	5.734584289917558086e-01
2.336700000000000159e+02	4.027407566150557061e-01
2.347350000000000136e+02	5.557857390955333043e-01
2.357920000000000016e+02	5.168112169675812551e-01
2.368139999999999930e+02	4.875702345899300405e-01
2.378810000000000002e+02	5.848253038715712782e-01
2.389480000000000075e+02	4.677122178673152053e-01
2.399890000000000043e+02	5.130296877611508766e-01
2.410860000000000127e+02	5.807457943290134095e-01
2.421589999999999918e+02	4.302338272932079710e-01
2.432429999999999950e+02	5.405311097043329349e-01
2.443580000000000041e+02	4.984985475835572166e-01
2.454209999999999923e+02	5.359204119254838972e-01
2.465380000000000109e+02	5.523975435307406645e-01
2.476500000000000057e+02	4.429154378990945440e-01
2.487520000000000095e+02	5.838818458022272395e-01
2.498950000000000102e+02	4.857380954792021033e-01
2.509740000000000180e+02	5.472566045918934030e-01
2.521020000000000039e+02	5.720767762080881669e-01
2.531680000000000064e+02	4.537405775737605729e-01
2.542030000000000030e+02	5.631296391431307446e-01
2.552669999999999959e+02	4.773325544584673952e-01
2.562760000000000105e+02	4.785739946564312453e-01
2.573129999999999882e+02	5.521603492560901438e-01
2.583330000000000268e+02	4.509998468430838070e-01
2.593220000000000027e+02	5.355905280364859911e-01
2.603650000000000091e+02	5.643029412027044112e-01
2.614340000000000259e+02	4.493719260259588233e-01
2.625160000000000196e+02	5.660954849503240238e-01
2.636170000000000186e+02	4.819734459476504029e-01
2.646619999999999777e+02	5.243884255509355663e-01
2.657429999999999950e+02	5.598390459877359282e-01
2.667989999999999782e+02	4.505559941356068743e-01
2.678090000000000259e+02	5.718735517593859230e-01
2.688330000000000268e+02	5.792638174858221189e-01
2.698469999999999800e+02	4.276366325970233917e-01
2.708629999999999995e+02	5.842158854489548636e-01
2.718969999999999914e+02	4.956375932051370614e-01
2.728919999999999959e+02	4.852010409968097182e-01
2.739710000000000036e+02	5.819371532367589861e-01
2.750869999999999891e+02	4.727796469764459775e-01
2.761759999999999877e+02	5.785872803863255642e-01
2.773090000000000259e+02	5.704687124912851681e-01
2.783890000000000100e+02	4.757306279544684102e-01
2.794809999999999945e+02	5.846891623063856791e-01
2.805819999999999936e+02	4.761168501822833354e-01
2.816140000000000327e+02	5.022550539791945656e-01
2.826809999999999832e+02	5.862420901299122411e-01
2.837459999999999809e+02	4.476280454415954568e-01
2.847800000000000296e+02	5.781826663494996632e-01
2.858160000000000309e+02	5.392500458016127318e-01
2.868509999999999991e+02	5.002882756284596777e-01
2.879470000000000027e+02	5.911298435300573750e-01
2.890489999999999782e+02	4.697836743759289391e-01
2.901030000000000086e+02	5.618607841393671309e-01
2.911730000000000018e+02	5.848955338317712860e-01
2.922090000000000032e+02	4.279754471592895348e-01
2.932459999999999809e+02	5.707708222458245384e-01
2.943380000000000223e+02	5.820545773075166407e-01
2.954159999999999968e+02	4.775641063697555477e-01
2.965060000000000286e+02	5.832039152150684247e-01
2.976159999999999854e+02	4.984898174007757476e-01
2.986569999999999823e+02	5.025459465884614119e-01
2.997330000000000041e+02	7.243666797195151830e-01
